Number
2250172804417
2250172803383
2250172801240
2250172807769
2250172801294
2250172805385
2250172803532
2250172800050
2250172807616
2250172802705
2250172803538
2250172801397
2250172800739
2250172802533
2250172806818
2250172801831
2250172802465
2250172805294
2250172809652
2250172805969
2250172802920
2250172802198
2250172809298
2250172806404
2250172800177
2250172800895
2250172803069
2250172805179
2250172806901
2250172803364
2250172801681
2250172800815
2250172809864
2250172808485
2250172806256
2250172805342
2250172806145
2250172807341
2250172800856
2250172804229
2250172802987
2250172801979
2250172801163
2250172807375
2250172804841
2250172802510
2250172809598
2250172802394
2250172802793
2250172802027
2250172804661
2250172806865
2250172809331
2250172807984
2250172807343
2250172804259
2250172801679
2250172807319
2250172809035
2250172806922
2250172804528
2250172801759
2250172801975
2250172807555
2250172800335
2250172805837
2250172804151
2250172805011
2250172804504
2250172806338
2250172805026
2250172807317
2250172807526
2250172801390
2250172806163
2250172803397
2250172801365
2250172803587
2250172803362
2250172802249
2250172809134
2250172802095
2250172803746
2250172808760
2250172805157
2250172805107
2250172806032
2250172807464
2250172807875
2250172807541
2250172802456
2250172804804
2250172801889
2250172801705
2250172806590
2250172809768
2250172803379
2250172806185
2250172806082
2250172800225
22571507154
22571500261
22571507846
22571501963
22571502990
22571507269
22571509368
22571502202
22571504528
22571503481
22571500368
22571505104
22571500904
22571501758
22571500248
22571507935
22571508630
22571508127
22571509691
22571508054
22571504079
22571505238
22571506441
22571501943
22571505541
22571507570
22571506511
22571508872
22571503614
22571502948
22571501276
22571506403
22571509058
22571501956
22571508400
22571500452
22571508503
22571509831
22571508212
22571508230
22571505585
22571507822
22571506928
22571500094
22571507755
22571501898
22571506528
22571508089
22571507741
22571506520
22571501318
22571505722
22571508061
22571503349
22571503755
22571509590
22571508043
22571509171
22571502270
22571508137
22571505606
22571509430
22571502702
22571509129
22571505185
22571505816
22571509163
22571500265
22571507226
22571505657
22571509799
22571509878
22571505776
22571509516
22571506321
22571504922
22571509228
22571505195
22571508050
22571506182
22571503744
22571504945
22571504996
22571502672
22571509282
22571508087
22571506537
22571502129
22571504773
22571507920
22571507284
22571505021
22571500043
22571502597
22571507321
22571504251
22571501215
22571504683
22571501112
22571500451
225713250417
225713251044
225713258220
225713254543
225713259850
225713254251
225713250096
225713258862
225713250444
225713256452
225713258688
225713256013
225713254486
225713250707
225713257608
225713259006
225713257513
225713251888
225713254040
225713250557
225713256873
225713252611
225713257755
225713251629
225713250864
225713257836
225713257641
225713257954
225713256735
225713253198
225713256841
225713255861
225713259824
225713258826
225713255346
225713251883
225713251063
225713250064
225713252363
225713258320
225713259466
225713257373
225713258704
225713259777
225713250826
225713250658
225713254501
225713252869
225713252805
225713256840
225713259232
225713257014
225713258227
225713252108
225713256591
225713254518
225713257005
225713253687
225713258973
225713250898
225713256673
225713256542
225713252357
225713251904
225713256331
225713259525
225713252773
225713251746
225713250321
225713259615
225713252543
225713255687
225713258181
225713254942
225713250127
225713251410
225713253988
225713251884
225713258698
225713258442
225713252910
225713253406
225713252008
225713255334
225713255676
225713251026
225713258141
225713253860
225713255108
225713252284
225713253659
225713256550
225713256608
225713259430
225713250829
225713255103
225713254289
225713252831
225713259374
225713250785
2250107309115
2250107302851
2250107308869
2250107302111
2250107304724
2250107303727
2250107302833
2250107307897
2250107302029
2250107302552
2250107302384
2250107305803
2250107300145
2250107301157
2250107302383
2250107303102
2250107304287
2250107305794
2250107306471
2250107300019
2250107305893
2250107307679
2250107306557
2250107306314
2250107306275
2250107305195
2250107302072
2250107301855
2250107301066
2250107305402
2250107304989
2250107306346
2250107302656
2250107308837
2250107309763
2250107309173
2250107309943
2250107303255
2250107307297
2250107308566
2250107300457
2250107307640
2250107308397
2250107309343
2250107305951
2250107305796
2250107308352
2250107306988
2250107302300
2250107303836
2250107308485
2250107309061
2250107302725
2250107303410
2250107306745
2250107304832
2250107309080
2250107308215
2250107302536
2250107307335
2250107305062
2250107305620
2250107304056
2250107300773
2250107303915
2250107302491
2250107307577
2250107304279
2250107304000
2250107308242
2250107306116
2250107304731
2250107303741
2250107304151
2250107301730
2250107309083
2250107305754
2250107305278
2250107309207
2250107303242
2250107300273
2250107304594
2250107305235
2250107301396
2250107307771
2250107303737
2250107302613
2250107306169
2250107304804
2250107304271
2250107301605
2250107306190
2250107302259
2250107305015
2250107303771
2250107306336
2250107302337
2250107305261
2250107300353
2250107301592
2250701361335
2250701368924
2250701366103
2250701365865
2250701361393
2250701361188
2250701360117
2250701361266
2250701361073
2250701368954
2250701368075
2250701368727
2250701362120
2250701361264
2250701368905
2250701361684
2250701367630
2250701362761
2250701366497
2250701365620
2250701363082
2250701364511
2250701367300
2250701365606
2250701365942
2250701364924
2250701367668
2250701364393
2250701363675
2250701366475
2250701366067
2250701369052
2250701368277
2250701366465
2250701362325
2250701366487
2250701364062
2250701366582
2250701363549
2250701366551
2250701364608
2250701366006
2250701360808
2250701361434
2250701369236
2250701367037
2250701367279
2250701364909
2250701366589
2250701364342
2250701364945
2250701365866
2250701362124
2250701366421
2250701367770
2250701365806
2250701361918
2250701361360
2250701369282
2250701363117
2250701369708
2250701368827
2250701367835
2250701367458
2250701360574
2250701366127
2250701360206
2250701363206
2250701364774
2250701362913
2250701365877
2250701366577
2250701362562
2250701362525
2250701360579
2250701362033
2250701364025
2250701367546
2250701361254
2250701366247
2250701364255
2250701368797
2250701363307
2250701365479
2250701365674
2250701369530
2250701369864
2250701369637
2250701365010
2250701360491
2250701369734
2250701369466
2250701366479
2250701368729
2250701363686
2250701366665
2250701365411
2250701366992
2250701363268
2250701364326
2250108990592
2250108996248
2250108993742
2250108992887
2250108996098
2250108995816
2250108992889
2250108993728
2250108994742
2250108997588
2250108995691
2250108998730
2250108992629
2250108998613
2250108991944
2250108993459
2250108992637
2250108999989
2250108999391
2250108997302
2250108994479
2250108990493
2250108998628
2250108991333
2250108998902
2250108994808
2250108996651
2250108991682
2250108992305
2250108990318
2250108992169
2250108998693
2250108991852
2250108992822
2250108994154
2250108993473
2250108993299
2250108999888
2250108992612
2250108994904
2250108996682
2250108994523
2250108990012
2250108999124
2250108994301
2250108995980
2250108997150
2250108993738
2250108994319
2250108996971
2250108994405
2250108996297
2250108991294
2250108996738
2250108992179
2250108991274
2250108998203
2250108994044
2250108992751
2250108994151
2250108993739
2250108992672
2250108995545
2250108996870
2250108999873
2250108993184
2250108990445
2250108990325
2250108994546
2250108998800
2250108998425
2250108999091
2250108999874
2250108999025
2250108991102
2250108991399
2250108999887
2250108997499
2250108992212
2250108990986
2250108999519
2250108992132
2250108999210
2250108999679
2250108997850
2250108990643
2250108995001
2250108995481
2250108997560
2250108997202
2250108991756
2250108996302
2250108999759
2250108993513
2250108998206
2250108993298
2250108995641
2250108990740
2250108996592
2250108993130
225719311613
225719319156
225719315913
225719316196
225719312643
225719312414
225719313058
225719317095
225719311728
225719312641
225719318688
225719312799
225719319305
225719316879
225719312839
225719312661
225719315907
225719311982
225719313631
225719317973
225719318512
225719315528
225719312787
225719311141
225719311098
225719318211
225719319616
225719310462
225719315921
225719318390
225719318778
225719317323
225719314671
225719315874
225719317943
225719312939
225719317932
225719319517
225719314166
225719310596
225719317920
225719312082
225719311367
225719312443
225719311402
225719312229
225719312785
225719311518
225719311133
225719312044
225719317512
225719313672
225719315892
225719313574
225719313815
225719316370
225719310575
225719318870
225719312131
225719312407
225719314173
225719313029
225719316522
225719314110
225719313318
225719310068
225719313709
225719315970
225719311170
225719317454
225719318539
225719315486
225719313864
225719311381
225719317565
225719317718
225719316007
225719314980
225719310368
225719318599
225719311903
225719311766
225719314197
225719310340
225719310382
225719317283
225719318098
225719311423
225719317317
225719312075
225719312309
225719311444
225719315278
225719313754
225719314440
225719318977
225719315885
225719312411
225719312733
225719317043
2250778214590
2250778216114
2250778210770
2250778213200
2250778214907
2250778219323
2250778215186
2250778213617
2250778216266
2250778217897
2250778216242
2250778210843
2250778213194
2250778211711
2250778211903
2250778216786
2250778212864
2250778219745
2250778216453
2250778219059
2250778215689
2250778214151
2250778214382
2250778217205
2250778215223
2250778212121
2250778213421
2250778216817
2250778215561
2250778219041
2250778210257
2250778218433
2250778212520
2250778217279
2250778218664
2250778212479
2250778218740
2250778215329
2250778212615
2250778218182
2250778210993
2250778219322
2250778211233
2250778213398
2250778214540
2250778214974
2250778212740
2250778218858
2250778212196
2250778217294
2250778213247
2250778211551
2250778214994
2250778217353
2250778213651
2250778218453
2250778211627
2250778212180
2250778210539
2250778213934
2250778216886
2250778218300
2250778210359
2250778218739
2250778216914
2250778211439
2250778211645
2250778214248
2250778214454
2250778218452
2250778215829
2250778215391
2250778215313
2250778217449
2250778210498
2250778210360
2250778215166
2250778218944
2250778216497
2250778211938
2250778219944
2250778218487
2250778212795
2250778212224
2250778216219
2250778217371
2250778219924
2250778218723
2250778216187
2250778219032
2250778216191
2250778214582
2250778212400
2250778214987
2250778211914
2250778210102
2250778219363
2250778217956
2250778211235
2250778215056
2250798642575
2250798647368
2250798648556
2250798642445
2250798644167
2250798641977
2250798642172
2250798641412
2250798640941
2250798643402
2250798640171
2250798649418
2250798646305
2250798649852
2250798646788
2250798647314
2250798644866
2250798645639
2250798644925
2250798640713
2250798649298
2250798641050
2250798648479
2250798647135
2250798647480
2250798642461
2250798642380
2250798642252
2250798643153
2250798644096
2250798648256
2250798649027
2250798645992
2250798645666
2250798647722
2250798640522
2250798640944
2250798643654
2250798649464
2250798642737
2250798642942
2250798642294
2250798647858
2250798642964
2250798644491
2250798640543
2250798642590
2250798640703
2250798644912
2250798643980
2250798643296
2250798643112
2250798644554
2250798644598
2250798642359
2250798642992
2250798641219
2250798646364
2250798646102
2250798645821
2250798645003
2250798646508
2250798648128
2250798647699
2250798647468
2250798647469
2250798643152
2250798644937
2250798647721
2250798644147
2250798641326
2250798642871
2250798645680
2250798646663
2250798640823
2250798649636
2250798647624
2250798640534
2250798643609
2250798645927
2250798648294
2250798646043
2250798643516
2250798647012
2250798645597
2250798648386
2250798645682
2250798641626
2250798645591
2250798641369
2250798643898
2250798644037
2250798640924
2250798640559
2250798640433
2250798640783
2250798645604
2250798647370
2250798649941
2250798647467
2250709493451
2250709497742
2250709492491
2250709493726
2250709497447
2250709499387
2250709493512
2250709492148
2250709498975
2250709495649
2250709494863
2250709490729
2250709492706
2250709497867
2250709496161
2250709492260
2250709494125
2250709497097
2250709498012
2250709492704
2250709495049
2250709495045
2250709492956
2250709496484
2250709492812
2250709497336
2250709492713
2250709495515
2250709498366
2250709497705
2250709494547
2250709490935
2250709492952
2250709495791
2250709491889
2250709494340
2250709497330
2250709496816
2250709490933
2250709491221
2250709490358
2250709493711
2250709491434
2250709496394
2250709498899
2250709494334
2250709497328
2250709497364
2250709498188
2250709497063
2250709494466
2250709496121
2250709493164
2250709492008
2250709493611
2250709497335
2250709495892
2250709491988
2250709491357
2250709498615
2250709495993
2250709496109
2250709496539
2250709498140
2250709496668
2250709498737
2250709496976
2250709495512
2250709499245
2250709495191
2250709492996
2250709495549
2250709499411
2250709496789
2250709498840
2250709492949
2250709494964
2250709494620
2250709499425
2250709491537
2250709495556
2250709490419
2250709498644
2250709496026
2250709495351
2250709497975
2250709492832
2250709497727
2250709495845
2250709497231
2250709493163
2250709492211
2250709494915
2250709499285
2250709497756
2250709491886
2250709494622
2250709498812
2250709492650
2250709493145
